5259
147	592	11738
3572	143	8632
12761	88	4179
3244	129	201
3244	129	11230
9085	1	11970
1963	203	6035
833	263	10624
4654	40	6310
4154	114	1917
586	266	7752
736	155	8733
920	114	5647
1180	438	6107
811	850	12322
5997	114	3181
1477	203	4206
1621	129	12084
1290	231	6739
36	18	7006
36	18	4767
36	18	4204
36	18	11194
36	18	8551
36	18	6579
36	18	3213
12381	114	7633
695	1	2098
6524	203	7766
5572	40	1813
7471	129	12559
6213	391	2125
2156	314	4281
798	663	9960
10076	148	2020
4537	98	6159
7082	660	943
403	91	3121
403	91	6206
403	91	10168
403	91	8289
403	91	6946
403	91	518
403	91	11831
403	91	8038
403	91	2839
403	91	7409
403	91	1115
403	91	12509
403	91	8995
403	91	2282
938	203	5114
13075	129	2784
2187	114	11377
214	756	10033
859	113	9699
859	113	11995
859	113	10540
715	297	4844
12886	155	4956
101	91	9105
101	91	10167
101	91	14270
101	91	13470
101	91	3470
101	91	2773
101	91	2570
101	91	14529
101	91	9077
101	91	14457
101	91	7362
101	91	8486
101	91	10738
101	91	5900
101	91	7719
101	91	4978
101	91	12778
101	91	6459
2706	88	10419
7335	106	4254
12717	934	4723
103	106	6741
1054	208	4098
1054	208	3726
6084	203	4945
1521	98	7228
3504	148	3528
2209	324	1337
375	113	6220
375	113	8512
375	113	9498
1278	342	14905
6279	137	3456
6344	98	9317
12397	1155	8256
3381	102	12075
5506	253	9286
8067	268	9999
13998	1074	12610
8704	1	1242
7161	560	3008
11653	114	9265
4086	203	2127
3839	114	10322
2241	199	4882
2241	199	7176
2241	199	12176
825	1	9955
1444	821	13059
7533	340	9788
2849	137	12767
635	102	11448
344	106	20
766	167	767
1104	494	7137
1818	301	3012
2068	40	8741
1905	167	6214
5900	40	5081
8341	329	1652
9280	252	187
9280	252	9804
9280	252	13173
11206	518	7343
11150	786	4154
6102	1	9437
8264	633	12929
2293	560	3963
7806	129	3247
7806	129	9499
2076	129	11401
3939	114	2210
412	155	7015
3905	179	168
1230	208	5464
1230	208	8542
1230	208	6339
7791	203	4205
4513	1	11750
10277	1	6931
5693	114	5573
10969	256	13628
10969	256	166
10969	256	8061
13700	114	315
3672	221	6109
2379	199	11539
657	114	6332
58	170	10653
3890	199	13543
3890	199	10320
2591	1	5790
10778	129	7093
5331	40	6681
552	277	378
2074	578	4388
6696	98	8836
10770	102	12982
3116	297	6619
5442	1	1135
4512	143	843
2280	705	7655
706	102	13520
706	170	6444
3487	114	7688
7108	559	1670
147	771	147
1008	417	8272
8560	541	6574
1794	315	7809
11250	329	5976
3191	252	9724
2879	253	3538
5064	505	9496
297	1	11950
3400	137	7486
833	263	11277
8414	541	10194
13012	559	13202
1953	559	1094
3623	114	9791
1016	1	286
12743	129	2829
4467	155	2762
4467	155	6109
8911	167	1782
888	253	4223
1846	288	2217
1621	129	1963
1621	129	5847
3108	996	1534
7436	148	2174
36	350	4003
36	350	1169
36	350	12248
36	350	13700
36	18	677
36	18	7239
36	18	6983
36	18	1075
36	18	9954
36	18	6262
36	18	6057
36	18	85
36	18	2430
36	18	519
5305	129	6826
1500	167	7055
3288	96	4238
2845	199	12624
7471	129	5343
1577	167	5981
913	764	619
8246	527	14726
874	114	6530
1474	129	456
1037	203	5825
9551	114	10602
374	155	4812
10076	167	10077
7676	481	1954
3133	88	6085
8556	692	9363
7197	40	15
403	91	8456
403	91	7026
403	91	7236
403	91	9852
403	91	8237
403	91	3745
403	91	35
403	91	9759
403	91	1356
1300	297	7246
8874	155	3437
7661	203	7745
4954	40	11421
4645	268	659
859	113	9613
8582	129	10226
8884	98	6683
7673	155	5369
101	91	3975
101	91	9945
101	91	11605
101	91	7463
101	91	3926
101	91	2222
101	91	9198
101	91	11488
101	91	12531
101	91	12448
8435	40	10060
2706	88	1880
4547	735	1594
11173	106	8308
4652	129	3115
10528	266	1693
9559	314	1606
3141	441	348
13268	377	11332
3539	148	8753
4166	199	3647
4166	199	13887
375	113	1755
1278	342	3234
1278	342	1294
1278	342	8217
1278	342	654
1278	342	13959
1278	342	2876
1278	342	5103
569	185	9886
7822	612	459
1915	40	6542
2210	221	649
10828	129	5449
13933	179	6363
654	158	9657
6993	102	10431
5954	114	14118
3839	114	308
3021	1	5609
3948	98	8863
4346	114	11408
2559	1	1402
731	155	13580
1464	137	5900
342	268	623
7747	520	8607
1277	297	12231
635	102	12625
635	102	5748
344	106	12432
6026	114	9553
753	40	2467
1104	248	411
4854	374	11799
1818	162	2850
1818	407	9852
2731	18	7394
2731	18	7306
1747	902	7438
3388	1	6201
7892	114	7760
1534	256	2537
1534	256	4088
7065	277	4262
1080	1	5679
14313	114	318
8749	179	6447
922	315	2529
5105	221	3659
10773	167	9022
4017	660	7502
9900	40	2332
10131	106	4981
12154	388	3828
2407	114	9648
7806	129	4967
8957	129	4179
1574	114	6724
89	40	4267
5285	155	7144
13567	441	8674
11926	129	4073
657	114	9856
58	102	75
58	170	13038
58	170	12091
58	850	1129
58	894	2972
1659	481	1658
3890	199	5516
1732	297	9874
1903	88	3585
6022	289	5824
4946	40	9645
4946	374	10015
3194	297	3805
4503	137	7355
75	114	8618
9308	98	7616
2044	297	3962
6931	203	754
4280	106	6489
3191	252	351
12754	114	5549
1836	438	8126
1836	438	10679
833	263	1211
954	268	592
385	129	7049
11106	114	11990
504	297	8833
10935	277	9275
920	114	8452
13408	40	4624
3004	626	3283
4852	106	1065
2987	40	1260
1290	231	12827
36	350	11772
36	350	2094
36	350	9008
36	350	2547
36	18	1665
36	18	9437
36	18	6661
36	18	5366
36	18	3870
36	18	9220
36	18	13665
36	18	589
36	18	418
36	18	884
36	18	4948
36	18	3691
36	18	5585
36	18	5860
6530	167	9435
7471	129	10994
2156	314	2781
4585	129	3504
10076	167	3627
4537	98	3158
5418	155	3345
4218	466	4217
403	91	6389
403	91	177
403	91	9657
403	91	10782
403	91	14415
403	91	8358
403	91	4083
403	91	1083
403	91	11694
10371	33	6392
12134	155	8402
229	114	1218
4961	489	10621
4645	203	6098
13495	462	1707
10032	401	3988
5278	221	1122
11663	221	9431
301	162	14159
301	286	12686
301	825	125
10491	462	286
101	91	7858
101	91	6481
101	91	224
101	91	1511
101	91	13407
101	91	14237
101	91	6981
101	91	4129
101	91	1303
101	91	11428
101	91	10270
101	91	7799
101	91	4860
101	91	12240
101	91	13928
101	91	12373
10276	40	8650
2706	88	6248
4824	286	3115
7022	167	11348
10069	129	5070
7027	106	4486
103	106	3051
1054	208	11264
11370	129	4642
3845	434	7504
3845	434	1473
9921	82	9921
1282	155	6484
2882	234	1559
4166	199	11394
375	113	6548
1278	342	4965
1278	342	4668
1278	342	5951
1278	342	472
569	185	12908
5841	155	8387
443	894	12340
10837	98	4581
1359	98	10667
7161	560	3551
9008	114	6840
2241	199	2953
2241	199	10653
2241	199	4168
2241	199	13347
2241	199	12932
3021	1	8846
3449	155	8715
3948	203	8448
5441	40	6855
4155	716	11982
9198	114	876
1524	185	5880
1524	254	12102
13790	114	5914
14119	340	10444
397	114	728
7747	520	226
5600	518	1897
344	106	3306
12944	1001	3813
8567	1	6151
12017	266	3876
1104	941	11161
1104	248	2583
1818	286	6816
1818	949	7185
2731	18	5757
1534	256	4139
2631	40	6434
4929	155	8158
4860	114	9984
11108	954	847
2427	40	5963
9647	114	9511
12661	82	4561
7490	40	6677
14107	106	2678
7142	900	6494
11197	114	571
4778	297	13186
2076	129	1326
1230	208	113
7664	1	11602
8776	167	7287
13181	40	3474
10969	256	3511
1509	40	4067
1498	252	9155
1498	252	1576
514	155	928
514	155	2917
17	665	11226
278	170	14072
13534	185	14640
2359	253	2528
10890	40	6934
2379	199	12871
2379	199	193
2379	199	13255
58	792	2672
58	297	4414
58	790	14580
58	894	1587
3890	199	2819
11880	373	2532
1702	253	5907
8926	129	9384
3242	114	4651
5447	148	2545
3116	102	12747
3557	288	4044
9533	324	4967
4964	40	1998
1221	971	11940
4503	137	4658
4503	137	9413
11281	98	11577
6182	518	7666
3066	1	7567
14768	114	11722
13230	1063	6396
13053	656	1455
11988	40	2475
3216	167	7155
6697	203	5867
1836	438	6285
1792	541	11611
833	263	1117
833	263	6617
5270	88	10732
4154	114	6621
4154	114	1841
385	129	6664
385	129	4500
7320	1	7967
3895	88	9805
3701	340	3107
2998	340	3327
5597	374	13122
888	253	1272
11784	155	9175
36	350	11578
36	350	4398
36	18	8180
36	18	9593
36	18	1111
36	18	10739
36	18	6503
36	18	5307
36	18	2894
36	18	3163
36	18	5486
36	18	5494
36	18	12417
36	18	6306
36	18	5438
9601	82	12535
2028	114	4141
2956	581	12726
2773	361	633
3288	96	10048
12502	520	5869
7592	167	805
1474	129	7686
4585	717	12817
2670	289	2027
1339	148	8661
3262	114	3592
2018	114	156
9018	40	1361
1914	137	1959
403	91	3099
403	91	13664
403	91	3630
403	91	5720
403	91	9379
403	91	12455
403	91	2335
403	91	14166
403	91	7598
10488	114	7056
229	114	5978
4039	234	6528
12512	113	6111
4645	268	2208
2144	560	9950
991	40	1558
859	113	3668
859	113	6690
859	113	436
6911	520	11517
101	91	10389
101	91	4882
101	91	6703
101	91	3117
101	91	10750
101	91	11077
101	91	8753
101	91	6114
101	91	14844
101	91	9296
101	91	14445
101	91	13482
51	129	10123
4841	148	2165
3423	129	3772
4652	129	6551
7419	266	10923
12148	98	7055
5135	289	8597
4136	40	11161
377	114	9903
9	665	8938
185	732	1791
6280	40	81
5032	289	1503
1278	342	6857
569	185	1421
569	185	8933
569	254	3877
569	842	1207
569	578	6746
569	578	8423
6344	98	6343
3381	102	13115
6789	203	12563
544	842	13726
9545	129	11025
9545	129	3298
1952	1	10141
8045	106	7444
8045	106	7088
4875	98	8969
3396	155	6276
1524	254	2592
1128	98	9919
11917	88	2143
635	102	9735
1820	941	5332
12944	496	3813
5847	520	6281
1104	494	2642
12423	391	10832
1818	162	13774
7186	155	7777
10738	1	10024
10738	1	7309
2731	18	2166
540	114	8681
8839	221	782
5706	921	344
334	732	815
13586	114	12449
8076	167	3351
4980	82	13309
7971	114	9968
1236	221	3217
10406	114	2136
6571	1	6647
1381	102	1966
4227	199	14678
1611	424	8232
4312	329	11359
4026	465	4622
11407	315	11374
10969	256	8034
11381	129	8908
819	179	3866
4656	315	2808
13639	297	3113
1956	520	4582
1956	520	11785
2196	252	11995
657	114	10310
657	114	7719
657	114	3317
58	114	5701
3890	199	8133
8926	129	5588
6696	167	4283
1732	299	11918
8398	167	4712
6433	40	9012
10642	106	6501
4946	40	1184
4946	374	9898
4473	1	930
13987	463	2117
4503	137	11244
4503	137	12490
4503	137	3155
4503	137	6770
75	114	8908
3164	98	3575
706	170	12980
7250	629	13781
3572	143	11363
3066	1	6350
4280	106	1705
3244	129	3230
4360	315	4355
5064	505	4300
13033	1	8547
1836	438	6347
3400	137	12741
833	263	97
833	318	3327
8951	167	9533
5360	114	5371
11871	114	11619
1113	888	3007
9629	40	11070
3550	167	10077
1111	98	1110
239	114	5670
1858	148	904
7436	98	2174
36	350	1587
36	350	9041
36	350	5503
36	18	11881
36	18	4350
36	18	14052
36	18	10519
36	18	7692
36	18	5800
36	18	5418
36	18	5686
36	18	10732
36	18	5596
36	18	8490
36	18	3208
36	18	11082
36	18	668
36	18	315
2940	167	4556
2028	114	9669
10280	315	5361
3288	96	7276
9055	40	9054
2845	199	7561
1474	129	9668
1474	129	6292
1474	129	1905
10709	129	12184
10865	40	10123
2211	98	845
7082	660	9772
8556	692	8458
6261	518	9869
403	91	3956
403	91	2013
403	91	7355
403	91	5515
403	91	11686
403	91	6343
403	91	4300
403	91	6244
403	91	9010
403	91	5311
403	91	416
4587	40	10644
4961	106	7055
1239	329	7804
991	40	4419
5281	143	5603
3841	148	2663
859	113	1316
859	113	2041
859	113	2117
859	402	3601
715	297	2254
1076	324	4358
2030	203	130
2820	155	563
6810	373	1584
301	407	10562
101	91	8029
101	91	1432
101	91	1440
101	91	12965
101	91	9129
101	91	2405
101	91	9265
101	91	9030
101	91	1225
101	91	7809
101	91	8786
101	91	8473
101	91	13690
101	91	540
101	91	11100
101	91	3702
101	91	13710
101	91	8263
101	91	5091
101	91	9423
6190	253	647
2706	88	3703
2706	88	11931
4824	96	9690
4824	286	462
6365	692	2611
1585	391	5388
3423	129	4361
5071	512	11042
7419	376	6487
9559	88	6617
1054	208	2386
3141	441	4020
9622	82	9623
9622	82	583
7617	155	5222
2637	487	7438
11370	129	11005
8465	114	2369
5982	82	12614
9069	277	6306
377	114	9774
9	500	9445
9	500	2996
11623	98	8277
4166	199	4634
375	113	13159
14075	315	3618
13846	340	9025
569	185	12961
3828	814	7302
1915	40	8812
11888	732	6082
6032	1	648
1098	98	1097
4574	622	6053
264	88	14113
12126	40	12343
7151	252	2754
2241	199	10775
7577	1	5824
7533	340	8024
732	315	5489
1820	944	6032
344	106	6218
3513	167	3039
3513	167	7388
753	40	1318
1818	494	5403
2731	18	11879
2731	18	6586
12303	40	4751
10213	179	4292
3485	203	1097
9402	155	2854
3255	221	3058
8514	775	11182
12124	221	10436
10748	40	7221
4879	155	7340
8264	633	14203
2689	810	9374
9184	106	1384
5498	773	2613
1230	208	11792
4528	155	4527
4422	40	6530
5786	113	2577
1498	252	12183
5375	944	5207
17	665	8356
17	500	6270
7952	377	1507
2196	252	2092
2379	199	13475
657	114	8193
6567	203	5297
3890	199	10798
3890	199	12140
500	253	499
2074	578	9510
4990	465	10362
4990	465	1890
6027	106	339
12238	148	2455
3488	413	291
3546	1	12797
6490	114	10458
4067	167	2893
12152	1	9171
6535	98	6281
135	277	1992
3572	143	1231
4280	106	9754
10003	203	2626
7800	40	13569
6881	329	4085
4417	155	8372
983	894	12381
5571	40	6301
3216	148	3165
3400	137	10943
833	318	11724
9783	129	1998
5246	203	2969
586	266	11559
5220	203	9492
5007	623	5827
5007	623	10649
247	297	11060
13035	199	1732
504	297	2308
504	102	13723
3701	340	268
7160	33	2867
7805	208	2886
9135	155	2595
1846	288	3358
6278	1	2015
13089	488	10023
917	1	12491
36	350	7452
36	350	3342
36	18	213
36	18	7198
36	18	6677
36	18	9272
36	18	5487
36	18	910
36	18	7665
36	18	11268
36	18	8406
36	18	5192
36	18	11361
36	18	5210
36	18	4070
36	18	9130
36	18	3732
2370	1	910
673	1	13303
1474	129	10068
9938	1	1147
11597	129	11087
4585	129	13483
3094	329	847
5409	88	7271
2018	114	8796
7532	1	13942
403	91	2571
403	91	7016
403	91	9914
403	91	5144
403	91	12408
403	91	243
403	91	12312
403	91	4603
403	91	11031
403	91	10406
403	91	4723
403	91	9835
403	91	4406
403	91	10194
403	91	8295
403	91	13232
399	167	1007
1847	40	2758
4954	40	6561
2187	114	8840
5472	33	200
4986	934	6112
7071	421	2703
2300	82	7207
7603	148	11022
859	693	10192
859	113	5606
715	297	2216
7159	40	10644
10445	40	7838
101	91	7624
101	91	12267
101	91	7613
101	91	10431
101	91	2357
101	91	5568
101	91	4544
101	91	14002
101	91	10494
101	91	8104
101	91	13366
101	91	12824
101	91	2877
101	91	13810
101	91	4935
5295	40	9316
5295	40	456
4407	129	1203
12856	155	12503
4824	286	8376
131	148	1884
131	167	6575
4652	129	3172
1054	208	7649
2637	487	4665
258	664	257
53	438	4443
9	665	9445
9	500	8423
12209	851	14809
4166	199	12485
2416	40	8524
3256	33	1549
375	693	10530
375	113	10865
375	113	11844
375	113	3117
375	113	6760
375	113	13913
1278	342	2812
6279	137	11726
13960	846	2711
569	185	12029
569	185	8292
569	185	13912
6502	98	649
3381	102	14291
7546	466	3937
2241	199	58
5113	518	7597
3021	1	3888
931	505	7983
1043	297	1061
11939	324	2833
5951	299	13014
6313	819	6775
3329	155	4582
8489	98	7832
3513	167	6538
9895	253	3666
1274	402	8028
1818	494	1594
10027	475	12595
2731	18	4944
2731	18	4460
18	167	2382
11128	289	6077
3485	203	5974
10139	750	1734
1508	549	3996
11694	1	6733
9258	155	2854
11762	106	945
1994	1	2883
7442	114	4439
2425	98	4672
11423	1	9219
1236	221	12927
1236	221	8224
7583	199	6026
2689	649	6931
4485	518	10395
11586	106	3039
89	40	374
2066	304	5482
9156	161	4938
9447	155	9208
11053	985	6104
10969	256	3513
1509	40	7627
11729	161	10202
12679	413	6071
7227	462	3293
2146	102	12711
10006	520	8625
13534	185	13712
2379	199	13231
2379	199	12271
6951	277	9450
7602	129	12418
657	114	13175
657	114	6095
657	114	7515
58	277	2588
58	299	1300
58	541	7308
5852	629	791
4532	155	4981
4990	562	2650
4463	82	11670
3880	98	1387
5163	297	14030
8995	277	2758
1059	481	8828
8317	148	7124
4503	137	12051
4503	137	6907
1767	238	5068
7250	277	9479
4419	155	452
3244	129	4049
11396	797	3144
3191	252	4964
3698	114	6753
833	318	7236
4154	114	12557
2372	40	8040
7856	314	4244
7318	315	736
3895	88	11881
11177	88	6854
12290	340	9875
2095	309	4162
5637	114	10393
1477	148	3127
1858	167	1152
6774	40	6677
769	167	2862
36	350	2085
36	350	13224
36	18	2815
36	18	7661
36	18	11383
36	18	9478
36	18	11002
36	18	6432
36	18	5773
36	18	8249
36	18	9016
36	18	439
36	18	2062
36	18	10317
36	18	6884
36	18	1996
638	756	4242
3224	374	12832
2185	40	11673
9414	129	4895
2845	199	11883
6443	1	4101
292	148	5184
1474	129	8890
1474	129	6847
1474	129	12829
2156	314	1396
11185	1	4262
4265	221	10527
3262	114	10170
5292	155	1870
2018	114	8659
2018	114	8480
2018	114	2981
7594	1	2754
403	91	5998
403	91	3926
403	91	1551
403	91	5082
9231	297	7345
13953	266	14534
223	289	931
3416	203	8344
5128	40	5279
9733	40	6445
11469	315	6931
2810	253	4206
859	113	721
715	297	2586
5779	268	6757
101	91	12130
101	91	3662
101	91	12910
101	91	8037
101	91	12912
101	91	6452
101	91	5527
101	91	3537
101	91	55
101	91	4611
101	91	6430
101	91	3185
101	91	2386
101	91	7486
101	91	13441
101	91	7557
6681	148	3236
2706	88	5853
4824	286	4300
4824	286	13301
4547	735	456
8049	114	1103
7027	106	5941
1054	208	6337
7357	391	10832
6084	203	93
11314	402	5040
5361	155	5694
3845	434	9879
12094	1124	2544
3232	391	9208
1130	443	5913
3539	98	8693
3539	98	3538
4166	199	1044
375	113	9051
375	113	4303
375	113	13455
375	113	12545
375	113	9148
6130	1	537
1278	342	12363
13143	88	4150
569	185	11
569	254	7827
6502	203	6501
1033	129	3735
4574	622	12634
26	167	4138
13043	870	13016
8588	518	5910
7151	252	7166
2241	199	13932
11358	248	14436
2358	629	621
8764	518	2243
10425	221	5259
5439	155	6428
344	625	6212
13387	1134	12037
1818	286	8452
1818	301	7053
1818	301	4619
3208	155	10643
2731	18	12466
2731	18	2608
2731	18	8501
14080	40	5278
7065	696	6045
1508	549	13743
2805	361	3878
12279	148	1958
9647	114	12123
4178	40	8761
1994	1	10797
5778	114	2745
11839	1075	2588
10131	106	2109
10561	277	6207
6882	277	1323
4066	203	5771
5098	129	10282
6371	33	4963
998	40	12958
9542	927	12329
7113	762	7112
2076	129	1822
412	155	7501
3319	114	13182
2384	612	231
10615	98	1507
9156	40	9059
6876	251	6946
11572	114	9089
8903	148	7343
7873	1	1572
5375	494	2496
3231	40	7524
2196	252	3994
10685	40	12916
11926	129	3434
657	114	6692
58	792	143
58	170	10047
58	170	12773
58	170	10906
58	170	6512
58	170	9013
58	170	13742
58	894	7466
3890	199	11889
3890	199	14096
6395	148	7872
5892	40	4181
5840	1	5839
191	635	5603
4946	40	3380
11281	203	10572
706	581	4971
7566	489	810
13328	167	862
3244	129	11173
3244	129	1310
3244	129	10927
10481	297	12985
3191	252	11844
7074	114	2774
5571	40	7033
1288	106	7921
3400	137	9577
833	263	7265
4154	114	2268
4154	114	3226
7856	314	9081
854	221	274
8037	40	846
11177	88	12666
381	340	3546
7472	581	13594
239	114	9120
4126	253	9286
769	203	5774
36	18	13628
36	18	12611
36	18	6165
36	18	6808
36	18	10121
36	18	5499
36	18	8190
36	18	1851
10021	129	3585
2773	361	5517
3224	374	12161
6530	167	1195
6187	106	6012
2503	148	945
1474	129	5412
1474	129	10574
1474	129	9283
9337	167	698
9316	167	10546
1598	732	2392
8756	253	1829
7594	1	5963
403	91	13520
403	91	511
403	91	7956
403	91	680
403	91	6112
403	91	10954
403	91	2745
9807	88	14194
6107	221	7457
991	40	7947
859	113	12573
715	297	8639
6957	88	7375
301	162	12808
101	91	4729
101	91	13958
101	91	9910
101	91	4551
101	91	4010
101	91	1310
101	91	8266
101	91	8021
101	91	3048
101	91	4713
101	91	2037
101	91	10080
101	91	10432
101	91	8748
101	91	7426
101	91	4064
101	91	13255
4407	129	4415
7839	114	7567
2706	88	12967
2706	88	4891
51	129	1613
2212	1	884
4652	129	14297
103	106	793
5341	148	5178
4771	155	2638
3441	203	10386
2882	234	890
1612	88	7026
8838	663	2042
4166	199	4159
375	113	10045
1278	342	4093
8443	98	11785
5772	1	4415
6279	137	1209
7576	40	3833
545	143	504
6032	1	11590
2766	527	12638
11948	155	3377
26	167	6309
9893	179	2716
9545	129	8905
8395	203	4739
7934	167	6214
332	113	6059
2849	137	2848
2559	1	8876
9198	114	5480
11786	114	1913
6313	819	6608
1524	254	3059
1464	137	12136
13863	1032	9784
7747	520	7597
635	527	14366
635	102	14732
8917	148	9175
1820	494	9374
1820	944	12301
8719	518	5658
7210	40	11319
1104	248	2484
1818	649	5980
1818	301	8434
2731	18	1246
2731	18	712
2731	18	8317
10139	750	6552
7300	520	3856
2434	167	2630
9280	252	8601
2328	102	2246
7299	88	3333
6296	203	10048
486	248	14635
486	248	5411
3702	329	10317
2108	311	6552
8264	633	10725
7901	40	8155
8692	148	3217
4873	40	2879
1574	114	6763
1230	208	2023
1230	208	3459
4528	155	4250
1509	40	10886
2442	40	10150
39	155	10787
17	238	4298
2379	199	1412
9357	1	4769
657	114	10994
6851	167	2218
58	102	2927
58	170	9910
58	170	6360
58	850	4827
5892	40	10857
6779	106	468
14460	256	6396
4946	40	4655
4503	137	13845
3143	40	5517
75	114	4825
2280	743	6748
706	170	3241
6202	374	9800
1337	203	11058
2399	167	973
8364	40	6509
833	263	4763
10807	1	7243
7643	106	2851
7728	148	9166
5007	623	12476
13814	98	8860
1207	266	11946
3550	167	1472
1111	268	6098
10342	114	11322
3503	465	9340
6044	40	6530
1336	98	11442
4899	40	12213
1621	129	5686
36	350	9601
36	350	14324
36	350	12729
36	350	6739
36	18	1533
36	18	13284
36	18	6077
36	18	3153
36	18	9903
36	18	3052
36	18	3673
36	18	6174
36	18	3789
36	18	6994
5305	129	2901
12911	1	12419
6875	185	2699
5572	40	2769
8830	40	90
325	377	324
12502	520	2435
5685	155	5590
132	221	6893
6332	167	4981
10709	129	4485
13167	627	14325
11356	347	9378
2018	114	6429
5483	114	4171
403	91	4197
403	91	4645
403	91	6118
403	91	1127
403	91	9735
403	91	8164
4677	82	10980
229	933	3434
4986	277	2321
991	277	9633
4783	203	1357
301	825	10142
101	1013	3532
101	91	12051
101	91	14209
101	91	6320
101	91	10955
101	91	11391
101	91	5454
2706	88	5804
13701	1	11021
8510	252	6389
2010	297	12807
4224	40	1486
4224	40	6863
265	203	4349
1130	443	9252
14520	851	14924
3107	1	10062
8673	98	3144
807	203	8127
375	113	12349
375	402	7308
6279	137	8435
569	185	12681
569	578	4382
1683	438	2881
5616	526	6748
3424	289	11387
613	560	5392
13995	361	13356
4086	148	6815
2241	199	3883
2241	199	8902
2241	199	13305
1260	520	7343
332	113	5950
332	113	4740
332	113	9076
3883	82	3883
11743	114	5076
6603	88	12942
4295	401	8162
340	82	12972
635	458	4114
635	102	11323
635	102	13890
1820	494	11438
1820	494	9060
344	625	6045
766	167	8469
1415	243	11457
8226	722	6593
1818	286	4122
2731	18	6084
1534	256	11840
1905	167	8940
3009	33	6784
6965	106	2761
4874	40	908
9280	252	8211
4659	329	10720
6432	155	11924
4017	660	1775
4093	289	6326
5977	40	9685
4227	199	1303
576	167	3202
4161	167	7622
2076	129	7663
4873	40	1664
412	155	6225
1230	208	1229
1230	208	3228
8445	253	8416
3672	98	3468
3672	98	6109
17	238	3196
17	238	2743
1698	1	6554
8799	199	11803
10132	148	4411
6951	361	9450
559	113	9412
657	114	3093
657	114	8443
58	170	12932
58	170	3891
58	170	8615
58	541	6306
3890	199	1465
13566	106	3678
4990	465	1395
328	161	7905
1410	102	10034
3546	1	298
8024	1	9493
1622	268	4757
4512	143	278
4503	137	13800
4503	137	7044
3356	98	2806
3572	143	9277
9352	297	13950
3244	129	5639
2201	248	3371
3191	252	5571
1836	438	12967
3400	137	7847
3400	137	13032
833	263	5740
12064	82	13318
3182	161	7291
385	129	3000
5276	329	8745
1111	203	659
12523	1317	4240
2998	481	1643
5637	114	2769
1846	288	5381
1477	203	10374
6103	203	3867
36	350	14633
36	350	14184
36	18	5984
36	18	4985
36	18	11322
36	18	6093
36	18	11070
36	18	7896
36	18	6153
36	18	3844
36	18	5531
36	18	3687
36	18	9612
36	18	6561
36	18	5876
36	18	1380
36	18	7314
36	18	3330
36	18	1841
36	18	2340
36	18	2938
5305	129	3402
2773	361	7383
2960	315	6520
5904	33	6856
2185	40	2184
6818	179	1331
2148	340	9561
8886	324	10544
1474	129	894
1474	129	13462
1474	129	9478
1474	129	6296
1037	203	5077
7128	581	10255
4585	129	4133
2211	167	6362
8556	692	3245
6261	518	3679
403	91	4158
403	91	5865
403	91	4817
403	91	8457
403	91	12003
403	91	1771
403	91	7076
403	91	1043
403	91	2631
403	91	2103
5373	167	8945
991	40	1458
991	40	9103
12623	297	4983
10032	401	4403
2820	155	1350
301	286	12156
8895	148	782
1067	167	11492
101	91	12459
101	91	2538
101	91	7646
101	91	426
101	91	14859
101	91	5371
101	91	5587
101	91	3178
101	91	10140
101	91	4176
101	91	310
101	91	5528
101	91	8880
101	91	4156
101	91	4281
101	91	610
14101	1127	9849
4824	286	8406
9265	155	8980
10050	1	853
10069	129	8482
4652	129	13266
14248	129	4057
1054	208	9901
2637	487	5148
12084	33	7353
9	665	1830
1612	88	10107
48	277	12967
4768	167	6266
375	113	12921
375	113	9203
1278	342	1300
2797	148	7284
6279	137	2787
569	185	3985
569	185	12370
569	254	7707
4584	377	9166
7939	1	1238
7822	612	4177
5615	221	1844
8588	518	7656
7151	252	4281
4357	462	4479
10082	221	3734
1043	299	7389
12476	161	3513
11296	900	254
397	114	2267
7077	417	1402
10906	82	5645
4237	88	354
2479	155	10479
6618	137	5280
1415	243	1966
5424	155	7192
8260	1	7987
14438	559	14929
6830	40	4731
1818	162	6554
1818	649	2683
2731	18	4244
2731	18	3333
14080	40	9863
8189	148	973
5207	619	14738
12609	40	10869
1534	256	433
11072	88	12559
803	102	8554
10811	167	9658
9280	252	10823
7078	203	4208
4178	40	2377
5812	297	13482
7442	114	6934
4017	660	4543
5376	277	6006
1236	221	4250
8264	633	3846
11773	40	7996
9747	82	6033
7806	129	1351
6043	434	10637
1574	114	2752
1230	208	9803
89	40	6334
7286	114	3585
12656	179	9407
2640	129	4820
2640	129	11102
2640	129	774
1509	40	11808
1514	520	6986
819	179	421
657	114	7075
657	114	9258
657	114	5368
657	114	8389
58	170	13249
58	170	2453
58	170	9532
58	170	10789
11272	315	4158
2074	578	10450
5852	161	11913
5852	629	369
1732	170	12323
3116	297	11056
5840	1	1673
5404	462	3136
6433	40	7555
6433	40	1253
6769	167	6489
6769	167	7759
3557	288	12349
3557	288	7817
5729	98	8365
4503	137	13791
9983	520	2218
2412	114	1783
789	487	5834
6389	277	11289
7586	40	8101
5571	40	6696
3400	137	376
4154	114	13188
5360	114	11021
62	40	6084
9855	40	7437
920	114	9852
10168	179	1567
2095	309	1017
303	607	8879
1477	98	10318
6103	167	3366
13917	622	9007
13917	622	6574
6774	40	5168
769	167	773
12965	40	3248
36	350	13810
36	18	3999
36	18	10783
36	18	12592
36	18	399
36	18	4772
36	18	4353
36	18	5300
36	18	3329
36	18	3317
36	18	2606
10021	129	8956
8019	1	210
650	268	11498
2661	167	3666
2845	199	4291
1474	129	10677
1037	167	5077
14749	351	2695
3094	329	5210
9338	167	1633
3262	114	12658
3262	114	594
2018	114	7306
7594	1	11706
403	91	3277
403	91	10219
403	91	6997
403	91	2787
403	91	11886
403	91	11788
859	693	3769
859	113	4240
859	113	2014
715	297	2107
715	297	4919
9548	1	13828
9910	82	9910
101	91	2009
101	91	7207
101	91	2883
101	91	5413
101	91	8563
101	91	2574
101	91	7492
101	91	11909
101	91	1467
101	91	9342
101	91	13066
101	91	14037
101	91	6438
101	91	3319
101	91	6173
101	91	13353
4407	129	4695
3072	203	6792
6889	854	7653
7478	601	7874
9559	314	6380
1054	208	2154
3610	40	5721
2882	796	8758
8838	735	4070
4166	199	4748
375	402	6045
11479	289	90
260	40	6006
569	185	10740
569	185	7752
569	185	4132
4584	401	1127
11948	155	2677
7139	582	13933
3332	324	3628
2241	199	1848
2241	199	4424
2241	199	6793
1043	346	12718
3948	98	8493
7629	424	1323
3474	221	5700
11743	114	10533
6603	88	8284
1524	106	4409
1464	137	2372
10424	167	8631
635	102	1641
344	625	12530
5424	155	4963
1818	96	6386
1818	286	11821
1818	301	8180
1818	301	5438
1818	301	2730
1818	301	13354
2731	18	5573
5207	381	7508
8959	129	10899
11072	88	14280
7065	696	354
7049	203	7143
1266	253	3071
8749	179	295
14146	114	13601
7442	114	6180
4017	660	5757
4017	660	4195
176	297	5583
1140	167	119
3190	40	8831
14107	462	6336
7816	40	1184
2553	106	3714
8306	253	3480
2285	40	11619
3974	40	7234
13423	129	8876
2076	129	337
89	40	358
10312	114	3498
8046	417	7371
7422	98	10759
5786	113	9794
9732	203	5706
7227	462	9504
4656	315	1319
5820	520	5475
5820	520	3462
13534	185	14665
7952	401	5647
2196	252	13173
414	559	11817
58	792	1586
58	170	7246
58	894	3655
3890	199	4270
3890	199	1270
3890	199	2818
5725	221	2189
10778	129	3172
5852	629	273
6940	520	7115
9214	155	6755
7219	114	1204
8024	1	10039
6433	40	5341
4964	40	6344
1221	971	11525
7670	40	6069
4503	137	8889
2352	98	3913
14687	405	6723
12252	481	13415
3572	143	295
5448	148	4099
789	487	11087
12538	114	8914
3244	129	3229
5064	505	9984
3400	137	9094
8927	1164	7774
3784	243	7573
1207	376	4974
3895	88	12406
1111	203	3598
13974	203	2269
8071	40	2680
14342	114	5308
3503	465	10349
4126	253	5665
3004	266	8933
5399	957	13059
6774	40	4321
2987	40	2375
36	350	8002
36	350	12549
36	18	2971
36	18	7472
36	18	8482
36	18	9554
36	18	774
36	18	12439
36	18	7677
36	18	4481
36	18	12907
7392	520	10527
7238	40	3008
11641	129	6193
1474	129	8687
1060	340	3924
4585	129	3498
10869	98	1120
2670	525	7833
5266	381	2606
3560	340	12613
10407	40	10544
798	663	2833
10865	40	8885
10017	221	10228
396	98	6144
1800	40	3601
403	91	2569
403	91	10156
403	91	7684
403	91	11044
1250	1	213
11718	106	6247
12487	314	7137
859	113	9010
715	297	314
1542	441	5951
301	286	11970
8895	98	5474
101	91	9301
101	91	10481
101	91	12284
101	91	12660
101	91	8152
101	91	13717
101	91	13291
101	91	4217
101	91	8644
101	91	9322
51	129	517
4547	735	6850
4547	735	9398
4547	735	4070
4652	129	11604
7419	266	10939
7027	106	11982
1054	208	942
3477	102	13326
6534	484	5917
3845	434	6912
4224	40	9012
53	438	8291
11752	462	6306
8838	663	9638
4166	199	5546
2797	167	2798
569	185	585
14357	114	10282
264	106	8592
2136	155	2135
11215	347	2443
4741	114	8846
10551	268	3734
2241	199	14026
2241	199	13414
2241	199	12414
3872	1116	5834
5606	481	11317
5614	592	9252
4295	649	6931
7437	167	9885
11202	148	4374
635	527	14748
344	106	8187
344	625	5526
1209	374	7576
1209	374	5497
5641	297	14515
9895	253	3537
2082	297	12938
2191	438	2027
8596	1037	2407
7895	203	10779
10263	622	10559
8936	167	9072
10015	40	3603
4929	155	1192
7049	167	1216
154	764	2514
1266	253	2116
1813	167	11696
7299	88	8254
11839	1075	7629
11186	1	13774
176	297	9947
176	299	13118
1140	148	3575
2172	98	4099
2407	114	9633
4227	199	12711
12525	520	12239
1230	208	7570
9726	40	9321
608	148	5771
13152	340	11779
646	203	647
14478	179	8231
559	113	13805
657	114	5017
657	114	4248
657	114	12159
1702	98	4534
6111	40	6808
4990	562	5957
5085	106	8842
8656	114	7009
3116	102	1537
8716	297	11099
12788	256	1913
11130	167	9164
4503	137	6002
706	170	11781
7589	114	6794
6202	40	10960
6202	40	217
60	148	1679
4280	289	3982
8766	148	9692
8806	40	11630
14428	234	1228
833	263	10996
833	263	2029
149	520	3584
2035	114	1337
3063	381	9701
385	129	3201
385	129	1236
1432	114	7789
2432	297	12635
11177	88	8001
381	277	11764
2998	340	11238
347	462	9252
2216	297	6885
7436	203	4800
36	350	12514
36	18	3299
36	18	4229
36	18	10282
36	18	727
36	18	3365
36	18	4010
36	18	7158
36	18	6015
36	18	5540
36	18	6526
36	18	3971
13554	1	3293
2028	114	10164
650	268	8253
3224	40	9553
1500	167	1943
7471	129	712
8830	40	123
12115	405	11704
673	1	9526
8438	40	7408
2357	324	4053
2503	98	2504
1474	129	9278
3560	277	6287
3262	114	2541
11356	347	10701
4537	167	6797
403	91	1741
403	91	2166
403	91	10853
403	91	8458
403	91	1989
403	91	10620
403	91	7138
403	91	4893
403	91	7875
403	91	9799
403	91	4089
223	525	12363
4645	98	1110
12982	114	7100
6237	622	9479
779	560	9870
3930	388	539
7381	465	7381
101	91	6780
101	91	2147
101	91	8123
101	91	11701
101	91	7493
101	91	9562
101	91	9696
101	91	5687
10276	40	9680
2706	88	7709
2706	88	10421
4824	96	3834
4824	96	5724
4824	286	4895
51	129	100
9265	155	3366
5341	148	3407
5135	289	5961
11078	40	8175
6593	559	787
3107	1	8118
8838	663	11367
4166	199	14483
1278	342	6187
4204	347	3321
11011	253	3056
5912	129	8728
3424	289	8272
5992	391	2342
1033	129	10609
1033	129	7849
443	541	2234
10269	114	10781
7506	40	8894
9545	129	11183
1725	82	6702
4086	203	8287
4086	203	5369
2667	289	3172
2241	199	11291
2241	199	12936
2241	199	9544
332	113	8449
2860	560	1441
13310	137	6064
2358	629	9101
941	167	4757
7678	129	5712
397	114	7681
9550	520	928
8719	518	7579
1104	941	10100
1818	401	5149
2731	18	2639
2731	18	1718
6747	185	1921
7065	696	10831
380	88	3087
5900	40	5443
9280	252	5399
2805	361	868
7889	114	10817
11762	106	343
12240	114	1128
8010	40	11061
7299	88	6107
6102	1	11810
176	299	12977
12101	40	7437
10543	314	756
4730	98	5296
5107	329	9457
4814	329	4096
7418	114	7122
5453	179	8878
3916	462	5804
2076	129	722
412	155	9360
4528	155	553
6867	82	10764
89	40	10220
2384	612	194
5344	1	8771
3945	1	2558
2506	622	6107
2379	199	9399
8202	221	4945
58	792	3829
58	458	7655
58	102	657
58	170	14003
58	170	4310
58	170	1355
58	170	11731
3890	199	6068
10	238	8938
2052	203	1256
5133	167	2571
5133	167	10048
5133	167	4351
1221	830	3900
4512	143	5312
3773	40	3772
1001	732	9188
4503	137	5811
4503	137	13594
8077	1315	3040
12187	875	14444
4280	106	9164
584	40	5449
687	155	2921
3100	902	11800
1836	438	12058
833	318	12911
4154	114	12329
3358	40	6900
385	129	3865
11106	114	7053
11294	696	5044
5276	329	606
1846	288	2674
7209	155	3522
6222	155	6221
6222	155	6501
36	350	4226
36	350	14300
36	18	699
36	18	2892
36	18	5430
36	18	6713
36	18	5602
36	18	3349
36	18	11215
36	18	7934
36	18	11838
36	18	2757
12841	40	987
6858	40	5932
2845	199	9590
1577	167	1576
12177	129	11279
9247	88	12455
7601	40	4619
6332	167	6258
5326	161	3737
1775	251	9463
5180	619	2346
403	91	2960
403	91	7620
403	91	2411
403	91	3619
403	91	6238
403	91	2193
403	91	1169
403	91	6104
403	91	7559
403	91	10554
403	91	6491
403	91	6764
403	91	5040
2674	161	7128
1250	1	8274
6144	324	8551
4645	98	6098
991	40	11011
7278	714	12827
859	113	6112
13148	277	8561
301	162	8914
101	91	12233
101	91	2272
101	91	4921
101	91	11000
101	91	6185
101	91	7673
101	91	12808
101	91	390
101	91	10777
101	91	457
101	91	12862
101	91	4977
101	91	4025
101	91	4483
101	91	14661
101	91	10547
2706	88	2198
4547	735	10310
8570	1	607
4771	155	8850
6366	40	4754
2637	631	9052
12084	33	297
7409	340	12175
2882	234	4772
1057	391	11398
4166	199	12523
375	113	9336
569	185	4221
569	254	3177
5616	1116	2665
545	143	3123
613	560	10358
264	88	12146
264	88	9059
9987	98	8004
11467	82	7465
676	407	6901
2358	629	2963
1524	185	1693
2505	875	4159
1464	137	13698
1277	297	9880
635	170	12202
344	625	6845
1818	407	5742
1818	301	5486
7186	155	5532
2731	18	2743
979	199	8777
11540	179	2237
6943	520	1185
11108	1196	14888
1618	560	13358
3521	289	3923
10737	114	7568
4017	660	8579
8076	148	6098
176	102	12713
14932	1071	8112
9948	137	13380
4026	465	6628
11176	40	8189
5786	113	389
2442	40	1330
1073	560	5506
11731	82	12615
278	102	2916
1785	527	12764
2379	199	9494
559	113	6044
657	114	3356
657	114	6166
657	114	7537
58	792	6950
58	792	6631
58	170	10186
58	170	11827
3890	199	6081
3890	199	14006
3890	199	278
12092	82	8334
4990	465	968
4990	465	134
3242	297	13765
5447	148	8484
13907	465	13907
9214	155	11115
3116	114	2628
3557	288	753
1903	88	1031
4702	692	5979
3567	155	7979
5993	373	9792
4503	137	4549
4503	137	6121
4503	137	2229
6518	155	1110
6182	518	12035
7858	203	1654
2297	253	3500
1008	933	7309
7566	106	3144
76	866	11445
9192	148	6537
3191	252	5875
7744	1	1461
3100	902	6270
3400	137	4335
833	263	4082
833	318	2831
4950	301	1359
4950	301	8726
5246	98	3272
1411	1	3712
7728	148	7727
385	129	8812
11558	40	13019
3503	465	3731
5997	114	9854
6044	40	5913
6472	203	6768
1621	129	3727
2987	40	2405
2055	329	8884
36	350	4933
36	350	10891
36	18	10663
36	18	6289
36	18	5316
36	18	9637
36	18	319
36	18	921
36	18	2329
36	18	3486
36	18	4086
36	18	7201
36	18	2853
36	18	633
2956	989	4614
4957	98	1329
6875	185	13142
7392	520	10074
6443	1	4868
913	764	1032
7592	167	6136
1474	129	9894
1394	167	5582
4585	129	6591
5266	381	208
798	663	1319
5409	88	5691
5166	98	1400
8556	692	6924
403	91	6212
403	91	1125
403	91	1593
403	91	14517
403	91	3347
403	91	5804
403	91	12724
403	91	2805
403	91	1946
403	91	1236
403	91	9118
10628	401	10355
5373	167	601
10525	114	6448
10929	40	9637
715	297	8161
7580	114	11706
6116	1	14147
1959	40	4067
2684	277	417
301	96	10833
301	754	13243
101	91	9097
101	91	4654
101	91	2456
101	91	11180
101	91	1775
101	91	11786
101	91	10578
101	91	5280
101	91	1574
101	91	8331
101	91	10134
10155	203	3357
2706	88	10526
4824	96	2596
6365	692	11941
4547	735	5631
1585	391	8348
6165	98	4208
4652	129	10099
4652	129	6720
6624	40	6623
103	289	11387
1054	208	6461
1054	208	1837
3281	373	9899
185	732	10381
8838	663	8811
3539	98	1743
4166	199	8041
3688	203	839
375	113	1245
375	113	8486
375	113	7954
375	113	4373
375	113	8703
1278	342	10595
2797	167	5941
6279	137	2427
569	185	12467
569	185	9758
5912	129	6021
11948	155	3029
7260	324	4053
26	167	6864
4357	462	3001
9545	129	467
12695	114	11102
11852	525	9657
2241	199	13379
8053	114	2497
4338	129	1374
4932	155	9692
931	505	8470
2904	1101	7379
12781	924	2966
2849	137	11558
4263	129	4177
774	167	8308
5723	88	2259
5199	155	6527
397	114	5988
342	268	1752
13863	1032	2566
8719	518	5805
9895	253	3257
1104	941	4941
3050	505	2621
1818	162	4624
1818	286	457
1818	286	7057
1818	286	9032
3208	155	11882
2731	18	2396
13717	40	6219
6747	185	6424
9059	98	7192
118	102	11015
1140	167	6375
7490	40	4642
3452	33	7248
6371	33	7192
7806	129	1838
11744	98	9725
2076	129	3210
3939	114	7215
3905	179	9901
10339	520	2715
4903	106	3459
1509	40	8812
6145	114	13964
7952	377	5467
7952	377	1981
3231	40	884
10132	167	3659
657	114	6900
58	170	13088
58	170	11451
58	170	8219
3890	199	14292
12334	546	638
6940	520	1340
10635	758	678
9042	82	11831
13521	106	3332
1794	315	2646
10003	167	2626
3244	129	8036
2879	253	5296
1801	289	7230
11883	114	1461
1836	438	8907
3400	137	48
3400	137	13478
833	263	12160
833	263	4917
11010	518	4268
4154	114	7145
13272	40	4359
10935	277	3969
4044	40	10945
3569	167	2952
3303	106	11984
3303	106	3856
546	170	12709
36	350	13821
36	18	4342
36	18	2244
36	18	10609
36	18	2288
36	18	5223
36	18	1002
36	18	8206
36	18	9502
36	18	8597
2028	114	11507
14604	622	9488
9230	40	6934
1458	167	9415
1389	40	13199
8438	40	8610
1474	129	519
4585	129	1247
3422	221	3622
2670	607	7833
4218	466	2239
403	91	748
403	91	2432
403	91	10993
403	91	9677
403	91	6469
403	91	7330
403	91	1682
403	91	5497
403	91	8169
403	91	7078
403	91	1198
403	91	13322
403	91	6775
403	91	1718
403	91	4791
3058	1	92
7661	98	7068
229	114	228
1802	438	3778
1601	315	3349
2590	40	7408
715	297	6208
715	297	8629
8582	129	13512
2574	114	3001
2574	114	11466
13806	114	3421
9628	694	5913
5278	221	150
9416	148	3562
2684	277	4818
1817	518	2969
3494	114	9380
101	91	12758
101	91	4482
101	91	9074
101	91	6220
101	91	389
101	91	13330
101	91	1501
101	91	269
101	91	11495
101	91	14432
101	91	11862
101	91	1400
101	91	12299
101	91	9132
101	91	5093
10276	40	1218
1967	114	3294
12561	88	10524
51	129	6231
6748	347	2624
5073	155	3777
377	114	7110
9	665	318
3504	148	6157
1278	342	1592
1278	342	14459
1278	342	5682
569	185	3427
569	185	11559
569	254	9907
5912	129	9975
7151	252	1000
9545	129	2521
5954	114	13119
2241	199	6471
2241	199	1631
2241	199	8656
8998	167	4268
409	82	758
332	113	9372
4346	114	5127
13021	40	4150
2849	137	13264
4263	129	417
1524	254	6521
1464	137	4620
3983	114	10029
635	102	14357
9550	520	4344
7387	98	7659
1209	374	11328
2509	289	10918
189	155	5161
1818	494	11326
1818	286	4637
1818	286	3691
1818	301	9491
2731	18	7617
2731	18	10504
10554	752	6117
1813	167	9434
4202	253	5
7140	179	6495
5964	827	6152
714	850	7383
4017	660	3245
2863	484	9698
1925	297	12849
5977	40	12089
3355	40	4415
11044	315	6320
3568	324	6165
1230	208	2165
1230	208	8631
89	40	3767
4026	465	3959
13070	129	10339
10969	256	2040
1509	40	5308
1509	40	2457
2876	699	14460
278	102	13292
13534	254	6017
646	221	10687
2379	199	7052
9303	40	3914
58	297	6459
58	170	14282
58	299	1413
3890	199	13780
211	732	6477
8200	329	9457
10778	129	10777
6696	203	5947
7796	148	4308
10358	253	11939
13247	114	7463
6433	40	11384
6433	40	3382
6022	664	6640
4264	88	8810
10642	106	8378
4503	137	9795
6518	155	2825
2297	253	2737
789	487	4388
5571	40	6789
3400	137	14160
3383	40	3382
3063	381	3736
504	297	7889
10043	381	3635
9945	40	2429
8179	324	1128
13089	488	10058
12763	155	5555
12763	155	7810
36	18	607
36	18	5352
36	18	9337
36	18	9932
36	18	4139
36	18	4680
36	18	2948
36	18	1974
36	18	11616
36	18	1011
36	18	5649
2028	114	9396
14604	622	5220
1992	148	3311
3571	520	5052
1458	167	8416
8270	155	10181
1474	129	8204
1474	129	12383
11142	562	10723
3560	340	12724
3560	340	4473
2211	167	3394
3133	88	9266
3133	88	5284
8556	692	3409
403	91	5501
403	91	4810
403	91	12486
403	91	11952
403	91	8341
403	91	1573
403	91	2407
403	91	4434
6409	167	5495
11469	315	6930
13006	857	5667
715	297	247
715	297	580
715	297	6653
9628	694	5682
301	162	11902
101	91	3392
101	91	3449
101	91	2367
101	91	4907
101	91	9417
4547	735	2465
4547	735	4420
103	106	2798
10528	266	2721
12949	1	9515
2637	487	8212
1612	88	7209
1612	88	8673
3504	148	8158
8838	663	5975
8838	663	4033
10949	1167	9138
375	113	6830
6279	137	5787
4584	868	7727
3810	98	6673
544	185	6216
544	185	9249
8045	106	6258
2241	199	10838
2241	199	13168
2241	199	10771
2241	199	2036
5192	155	1289
332	113	14082
676	248	12830
774	203	773
1524	185	3085
1524	185	914
1524	106	8416
7437	203	2821
397	581	8735
7048	82	10731
1818	301	1758
2731	18	3330
10729	696	4405
14593	114	12383
6953	340	1080
6747	254	6170
9275	167	8971
13692	114	4770
2434	167	1340
12240	114	3922
11017	82	5390
3521	289	7629
12726	137	7131
172	167	5753
2026	114	3620
11839	1075	4827
2507	289	1561
2507	289	4262
8514	775	4133
7401	203	6046
5098	129	10776
4934	309	7377
12768	167	9661
2689	649	6521
576	148	840
8086	297	14139
7775	1	11650
1291	114	13306
6338	114	12142
1574	114	12065
1230	208	6792
6867	82	6000
13757	114	9889
4552	82	8205
4026	465	2620
2640	129	2232
2442	40	7098
14711	114	9907
17	238	6039
278	935	14859
10132	167	5640
9540	148	343
1955	148	9869
58	792	5254
58	114	606
58	102	3788
58	170	8103
14745	1055	10364
11880	373	11115
2489	331	154
2074	254	9122
3116	297	11928
10223	329	4830
5133	148	6315
3804	297	13636
5442	1	1297
4702	692	10026
11143	82	3296
4946	40	8579
4503	137	10890
1675	114	4075
706	170	11448
3572	143	5215
3066	1	6349
4419	155	106
3244	129	1113
1638	129	8581
3100	902	11296
9961	297	11885
833	263	11645
4950	301	3761
4154	114	3218
9635	221	3666
2017	40	7078
4444	329	4097
4664	289	7623
10414	179	6367
13362	391	2651
2998	340	80
8576	155	5161
36	18	5662
36	18	6161
36	18	5816
36	18	4218
36	18	3965
36	18	1081
36	18	7987
36	18	1128
36	18	2802
36	18	7596
36	18	9278
1582	315	6585
12078	114	6465
1474	129	368
1474	129	2797
1474	129	5731
11589	203	629
4243	607	11128
8208	114	9643
14753	443	1613
2785	33	9744
403	91	5789
403	91	2405
403	91	2416
403	91	7984
403	91	5118
403	91	7780
403	91	1480
403	91	6724
403	91	13370
403	91	6739
403	91	10504
403	91	7219
1802	438	8032
1399	559	12061
8867	314	8539
11469	304	10520
493	1	5279
6756	315	5111
859	113	4865
859	113	9672
6116	1	5353
2574	114	3132
3384	329	6545
5020	847	4577
101	91	12212
101	91	10380
101	91	476
101	91	2034
101	91	3275
101	91	4531
101	91	10372
101	91	13155
101	91	7633
101	91	1316
101	91	906
101	91	13763
101	91	7041
101	91	3202
101	91	10964
101	91	14764
101	91	6805
101	91	8024
12561	88	13101
4824	286	8564
4824	286	9464
5075	98	1617
3423	129	9402
4652	129	13904
7419	376	7498
11918	297	13629
1054	208	2150
2882	234	11619
53	438	2554
2416	277	6077
13996	861	9650
5106	40	2973
1278	342	5197
2797	203	3849
11460	167	9284
569	185	6947
5172	98	458
5506	253	2993
613	560	4126
613	560	6190
8704	1	5686
7161	560	4428
12065	167	7644
2241	199	5358
2241	199	7961
8411	1	10409
332	113	14182
2849	137	4327
5614	592	7905
774	203	11982
2358	629	1575
2927	814	6285
2053	732	2054
7678	129	4660
1464	137	13018
3612	40	4875
6170	773	875
342	253	2081
8489	148	10515
5381	40	11094
344	625	5980
1415	243	7080
5499	776	875
1818	162	1980
1818	301	541
5023	40	7884
10213	179	6537
11862	481	11861
1966	114	12603
2162	137	561
9275	167	3993
7049	167	2905
13653	114	4070
9280	252	3668
9697	297	11122
1670	289	9222
4535	664	9206
7299	88	2928
5778	114	12422
14902	137	9230
1140	148	5728
4879	155	2113
8775	114	4088
2689	649	541
988	886	10927
12966	1	13182
412	155	6522
1230	208	3102
13542	114	4599
4026	465	6179
1605	40	9978
2196	252	3519
2379	199	3898
58	792	8128
58	792	2985
58	814	2774
58	170	10197
58	170	13389
58	850	10857
3890	199	4968
7796	148	9465
3116	458	4359
3116	102	11056
3557	288	2791
3557	288	2573
11023	1075	3878
4946	40	3247
13259	114	5100
706	170	8716
4555	340	7007
8552	114	4399
497	902	5498
3244	129	1566
7020	129	11102
2284	248	8586
2688	114	9863
833	263	5075
833	263	947
8927	1164	4140
2017	40	1996
149	520	1705
6021	148	2400
3503	465	5894
1336	98	1335
4126	253	5173
888	253	7979
3004	266	3005
1621	129	5447
11784	155	7668
36	350	13500
36	18	12276
36	18	637
36	18	10993
36	18	3416
36	18	4439
36	18	10781
36	18	2338
36	18	8736
36	18	8310
36	18	10533
36	18	7051
36	18	6887
36	18	9417
4960	114	7473
3570	167	2890
12911	1	3498
1992	148	5180
1992	148	3454
2845	199	11947
10020	88	10887
1474	129	10769
1474	129	781
1474	129	6326
1474	129	7765
6923	40	6101
3560	340	13033
11048	1167	13132
798	663	1926
798	663	5515
3014	315	4928
6434	167	8415
7082	629	3078
403	91	2354
403	91	13683
403	91	1594
403	91	4467
403	91	2769
403	91	874
403	91	8333
403	91	2755
403	91	5025
403	91	12666
403	91	4923
1847	277	10017
1847	40	12268
5472	33	2236
7071	481	4197
2665	776	4037
5281	143	25
5281	143	617
715	297	2906
5779	268	7872
1466	438	90
101	91	5448
101	91	14580
101	91	9972
101	91	1364
101	91	13648
101	91	9180
101	91	8702
101	91	5466
101	91	11282
101	91	4182
101	91	11859
101	91	10834
101	91	6721
101	91	7199
101	91	14610
4824	286	3720
4824	286	10560
4547	735	4816
4652	129	9753
7027	106	4901
3141	441	1929
11370	129	3530
9518	438	2774
12409	40	14269
8035	626	5834
9	238	318
1612	88	11974
8838	663	1496
375	113	4544
375	113	4964
2797	98	3071
2797	148	2424
2241	199	11964
2241	199	12091
13719	581	14422
13836	185	6992
5199	155	3500
397	114	13828
4303	40	5967
3934	203	6523
3934	98	6523
2031	167	3202
344	106	11427
2082	595	8212
1104	248	10614
359	1	9024
1818	301	6980
2731	18	9668
2731	18	9103
9254	315	6005
13717	277	3248
5023	40	8155
1852	148	3205
7065	696	10060
6943	520	8837
1905	148	1106
12855	340	2692
8003	114	4484
4445	40	5857
13935	82	4881
922	315	1826
7078	167	4208
5964	827	10796
2915	114	6128
11843	1	5969
2507	289	4468
10131	106	121
6694	520	5495
3702	329	813
11423	1	12812
1236	221	8862
8812	203	3366
13322	340	10807
4455	40	8279
9029	297	14129
89	40	6711
2442	40	10763
1880	203	7228
9743	82	13660
8821	562	10168
4656	315	8001
646	98	6817
2196	252	11686
2196	252	12088
2379	199	14254
7279	1127	7278
11926	129	2244
657	114	10521
58	297	5558
58	297	6660
58	170	12241
58	170	13164
58	299	6675
6517	324	4150
4990	562	7405
10635	758	14899
5898	114	8376
10333	98	7562
1410	102	8460
6769	167	4674
4964	374	5023
11362	40	4176
9996	917	5733
6022	289	6015
11107	481	12293
4503	137	3580
4503	137	5870
4503	137	11726
14221	1069	1953
2280	743	7655
13834	340	12979
3244	129	6669
833	263	9777
833	318	3702
5220	203	946
7502	106	7240
6589	463	1993
842	764	1845
5637	114	9306
13089	488	4631
2055	1	7053
4184	114	3735
36	350	11751
36	350	3891
36	350	14812
36	18	1257
36	18	8993
36	18	7394
36	18	11906
36	18	6200
36	18	9233
36	18	3287
36	18	6692
36	18	4667
36	18	6643
36	18	13774
36	18	5549
2773	361	10831
11521	40	2680
4569	40	10080
6875	254	11296
6524	203	611
14928	405	617
12583	40	7454
4764	221	7431
3560	340	5319
10383	114	8547
8756	253	11956
2018	114	1285
12951	277	1858
403	91	2092
403	91	12508
403	91	14079
403	91	10231
403	91	11845
403	91	3225
403	91	13950
403	91	14048
403	91	7363
403	91	6122
403	91	2340
9439	114	6699
6409	148	1573
7007	1	1147
7325	462	11306
4645	268	1898
2810	253	10318
859	113	2092
859	402	10206
14230	114	4560
3740	656	1432
4082	98	4083
1817	518	227
101	91	14128
101	91	8579
101	91	6955
101	91	687
101	91	11494
101	91	2343
101	91	5459
101	91	14858
101	91	12526
101	91	2858
101	91	9611
101	91	8400
101	91	14295
101	91	5231
101	91	9411
4547	735	10979
7478	601	280
3423	129	90
4652	129	13119
5073	155	5388
2296	148	3345
5341	167	6439
5135	289	10159
6084	98	93
2045	114	12439
53	438	8524
3504	148	1306
4166	199	8612
375	113	10772
6379	1	637
1278	342	1649
1278	342	4038
5520	481	11715
569	185	13391
569	254	5316
9054	221	928
4584	377	4765
5616	725	4940
6156	167	8592
545	143	176
4366	1	4446
13878	114	7300
7976	518	5383
1703	277	10932
4357	462	3136
648	167	6483
2241	199	1363
2241	199	12954
332	113	4249
4263	129	1242
12135	40	9504
6235	1	2852
10173	155	10527
5286	622	7948
344	106	5901
1209	40	5100
1818	301	11821
1818	301	6244
1818	301	4648
1818	301	484
3208	155	3734
3208	155	10795
979	199	13803
1631	82	1632
1534	256	5998
1545	40	10159
12582	462	8918
3282	373	3419
12192	155	6315
2787	374	5959
13543	114	6980
11839	1075	10857
13532	1	7422
8076	148	2215
7490	40	12365
11753	167	8448
14040	971	14170
4879	155	1201
8264	633	6410
7876	88	10663
561	40	3435
2553	106	2313
8306	253	1454
2076	129	9832
2076	129	6498
2076	129	5923
1736	221	6941
1230	208	7690
1230	208	13580
89	40	11040
12050	106	5477
4026	465	916
5476	167	6177
11566	286	5679
10075	1129	1258
1498	252	10074
17	665	5316
2196	252	7077
2379	199	11454
2379	199	9287
2379	199	8275
11926	129	6681
1955	98	953
657	114	2519
58	102	11134
3890	199	13174
7407	98	9331
6075	167	7597
1702	98	7777
8926	129	7137
8932	1124	8932
9259	40	3012
6844	1073	11453
9755	129	12482
3880	203	1387
7379	88	1805
4964	40	13775
1833	297	14484
4473	381	930
4503	137	10445
8359	167	5780
9555	268	5985
8817	1	8831
12761	88	10584
13465	167	2253
2879	253	3079
3100	902	10450
833	263	10419
833	263	194
833	318	8062
4154	114	837
5246	98	8223
854	98	5803
62	40	8874
9246	88	13321
3358	40	6919
385	129	6942
5007	623	14660
3569	203	3568
3303	106	1685
348	102	12121
6278	1	921
6407	40	538
769	203	768
36	350	6975
36	350	12857
36	18	8595
36	18	2793
36	18	2332
36	18	1109
36	18	2454
36	18	11835
36	18	1442
36	18	2686
36	18	5245
36	18	5139
36	18	11230
36	18	4651
36	18	8533
8019	1	9731
650	167	1097
1992	148	4314
4957	167	4063
2148	340	5689
7135	40	1481
7135	40	5329
1474	129	7271
10102	484	10036
781	167	3053
7008	129	3941
403	91	5794
403	91	3481
403	91	473
403	91	3865
403	91	7672
403	91	1493
403	91	12755
403	91	4612
13278	155	6370
13308	622	9408
1087	155	10546
4645	268	7749
9237	689	7308
991	277	6731
991	40	12886
859	693	5260
859	113	11471
12647	234	1225
10998	1	3211
471	494	13068
2684	277	1905
101	91	12426
101	91	11106
101	91	6461
101	91	4597
101	91	2424
101	91	4746
101	91	5930
101	91	1319
101	91	14181
101	91	13777
101	91	11022
101	91	8501
101	91	4590
101	91	1066
101	91	2376
10276	40	10281
5160	98	7578
4824	286	10576
4824	286	6930
51	129	8232
4547	735	12166
10363	40	10655
5887	129	2755
5071	512	1299
11328	40	5371
1054	208	499
9852	203	8988
12094	1124	3415
7324	88	7323
3610	40	8384
3256	33	5883
375	113	4389
1278	342	11509
1278	342	1508
1278	342	2547
2797	203	5941
569	254	6387
4584	401	7307
6032	1	8482
10204	607	2790
264	88	9214
1725	82	11680
11852	106	2189
2241	199	10565
2958	40	11473
1464	137	4573
3983	114	1988
1063	297	1133
397	114	11028
635	850	1896
344	625	9059
753	40	6871
1818	286	8118
1818	377	2500
2731	18	4456
6747	578	4940
1534	256	9322
4871	623	12304
14325	88	9861
14325	88	5980
11108	954	5672
6965	106	4914
11762	106	3394
4659	329	2481
8188	1	2771
12200	254	10560
4814	329	6504
2689	810	646
2076	129	921
12354	234	4921
6574	1097	635
1574	114	14134
1230	208	7260
8903	167	6864
12656	179	1126
2701	40	12265
17	500	2743
13137	129	2305
6805	381	6006
58	595	5834
58	458	6748
58	170	9199
58	170	6649
58	170	13727
3890	199	12521
3890	199	12695
8995	40	2758
3517	88	8282
12532	114	1827
4503	137	4327
4503	137	8858
8340	114	3686
2478	167	11969
3244	129	2252
1129	581	6849
9779	114	2865
1288	106	4210
1836	438	2519
3400	137	13380
833	263	5804
833	263	2436
8769	179	726
4154	114	11435
677	148	6803
586	266	10498
3296	114	3532
653	732	1171
5997	114	894
11801	253	8940
2998	340	3173
2375	148	5382
3004	376	1421
3004	376	4400
5330	98	10527
2216	102	6885
761	458	4665
769	167	1881
36	350	3307
36	18	12736
36	18	12634
36	18	6404
36	18	7705
36	18	9488
36	18	5308
36	18	12256
36	18	2011
36	18	7119
650	518	11498
2185	40	3474
325	377	12035
10020	88	12408
1474	129	8742
10353	846	1481
6135	114	1613
13611	256	5963
798	663	8332
7482	98	7959
13329	114	3863
8556	692	4342
403	91	4441
403	91	2883
403	91	3570
403	91	2357
403	91	6686
403	91	2459
403	91	2586
403	91	966
403	91	6848
8874	155	3202
13494	114	6906
399	221	8852
1294	289	5575
3152	525	6857
991	40	2810
8698	82	8698
5776	1010	3717
14484	114	3087
2684	277	7934
13637	525	12662
101	91	719
101	91	13340
101	91	8026
101	91	10002
101	91	4078
101	91	13659
101	91	3656
101	91	12137
101	91	12215
101	91	1774
101	91	3323
101	91	11600
101	91	14081
101	91	499
101	91	7440
101	91	998
101	91	6529
10276	40	1127
2706	88	12217
4547	735	3975
1704	167	2724
103	106	4800
9559	88	13641
3141	441	1492
9305	82	10441
2637	487	4388
1521	203	9582
6534	484	2767
3845	434	8265
9185	40	6852
375	113	1847
375	113	12341
1278	342	4243
1278	342	2107
2797	203	5780
2797	167	2449
6279	137	8748
102	1	1081
7822	612	10898
2459	1	7703
13874	82	11016
14405	129	9902
7161	560	2354
7611	234	10557
2241	199	10240
2241	199	1724
2241	199	13874
2241	199	540
2241	199	10743
8540	40	6085
2025	161	13077
4263	129	1627
774	167	5877
12879	465	12879
4295	377	861
12389	361	5333
10565	114	2518
10173	155	4726
635	170	1406
10518	40	3409
1415	243	11802
1415	243	11037
9006	256	3628
1818	401	7330
1818	162	9217
1818	286	4575
1818	286	293
1818	301	2844
8640	1	4125
979	199	10312
11540	179	4842
8959	129	10917
3510	277	1561
2162	137	8858
3282	373	3964
9258	155	9582
10497	619	171
49	297	10275
3605	40	11776
14675	462	5804
9563	623	8048
13926	311	10932
3104	106	5
8142	40	8717
9412	40	3878
11839	1075	472
13928	340	3997
10850	971	6490
9922	268	5196
12386	1	6509
5098	129	2837
7876	88	9191
3148	315	1623
4485	518	5589
2076	129	6939
971	203	744
1574	114	10615
2931	88	5352
10555	581	10541
11053	985	2186
10969	256	6006
1498	252	5196
1498	252	3964
12414	82	11146
3924	1	1240
12963	40	9638
17	665	3196
1698	1	5217
13193	927	7127
7602	129	1707
657	114	13019
58	170	11772
58	170	2857
58	170	11228
58	170	10948
58	346	354
3890	199	9305
549	167	7445
14650	161	3163
6940	520	4486
3557	288	5193
3557	288	3337
6518	155	3757
14128	329	5419
11396	797	12503
3191	252	3337
4417	155	11310
5571	40	3181
1836	438	2608
3400	137	8111
833	263	1336
833	263	5531
11967	518	5013
12631	40	4624
954	268	119
385	129	5824
3701	340	1930
3701	340	4513
7805	208	437
5637	114	1140
7436	203	2174
1290	231	1416
36	350	11106
36	350	6338
36	350	8382
36	18	3372
36	18	2680
36	18	14145
36	18	2188
36	18	3976
36	18	4615
36	18	4816
36	18	8547
36	18	12958
36	18	12182
36	18	12142
36	18	11059
6875	185	2476
7432	520	4812
7471	129	2340
325	377	1122
673	1	11033
1474	129	12566
2018	114	8399
7594	1	8576
3133	88	5220
7082	660	5515
403	91	9623
403	91	12526
403	91	5841
403	91	11870
403	91	3755
403	91	5489
403	91	10666
403	91	13242
403	91	5543
1300	106	2724
4	559	5775
11718	106	2872
3340	40	12320
991	40	6539
715	297	5546
715	297	9002
9548	1	9241
6840	167	1066
301	286	13925
101	1013	6067
101	91	8806
101	91	14082
101	91	2169
101	91	9785
101	91	11322
101	91	5807
101	91	11587
101	91	14216
101	91	5821
101	91	13518
101	91	5863
101	91	554
101	91	711
101	91	5883
101	91	943
101	91	13893
101	91	2486
101	91	552
2706	88	2175
3049	481	5758
4824	286	8489
4824	286	12083
4824	286	10511
2152	33	9329
7419	266	3534
5310	40	2339
2637	631	9510
10300	129	9454
4224	40	7667
2882	234	3463
9	500	10233
1612	88	5559
8838	663	4613
2416	40	5945
375	113	991
375	113	8048
1278	342	14912
1278	342	13623
1278	342	7833
1278	342	14695
2797	167	5877
569	185	12913
569	185	9571
569	185	9925
11011	253	3415
5912	129	1613
5912	129	4938
5536	520	2262
1493	161	2695
5574	329	12628
264	88	11436
554	155	119
12065	167	3304
10551	268	2737
7611	234	4868
8045	106	121
2241	199	13849
2241	199	6705
2241	199	6922
3449	155	945
1260	520	8088
14927	252	8226
774	203	7125
5951	299	14133
9405	1	11205
6313	819	1693
6094	98	3304
635	541	3921
67	167	3035
1209	40	13377
1818	649	11764
2731	18	10662
10015	40	7905
5924	155	1884
12192	155	1229
9280	252	11318
6398	167	1705
6552	155	4123
13979	311	2234
6458	40	272
7299	88	863
11839	1075	8232
11670	114	12952
10543	314	2042
2393	340	9938
2076	129	3749
2076	129	9463
9440	716	2727
13056	1	3844
89	40	6871
5100	98	5271
13413	248	14652
2640	129	11910
10075	1129	12798
10686	167	10683
2379	199	11546
2379	199	14177
58	170	14254
4545	114	7495
10	665	1352
9214	155	5862
10358	253	10652
5682	424	1323
4964	40	6591
9621	88	4938
8441	167	3630
10642	106	23
4946	40	3645
3164	167	2933
1675	114	2935
706	170	9147
3878	251	11456
3066	1	5397
13465	167	3666
3244	129	2683
3244	129	2769
7006	520	3568
13053	1	9839
2399	167	130
3400	137	11878
833	318	2147
833	318	6987
7010	253	1076
586	266	10180
1217	714	4634
2998	340	3058
1156	438	5575
6062	88	10123
1477	221	8418
36	18	2552
36	18	849
36	18	5332
36	18	7729
36	18	8412
36	18	8620
36	18	1041
36	18	8714
36	18	8370
36	18	1057
36	18	3825
36	18	11763
36	18	1691
36	18	4390
36	18	12488
36	18	1228
36	18	7485
2773	161	5333
1992	148	3913
4957	167	7832
11158	465	11158
6875	185	3154
1458	167	2737
1474	129	396
7269	98	10497
6149	114	4875
4537	148	7386
5418	155	764
403	91	10376
403	91	2085
403	91	6093
403	91	2699
403	91	6412
403	91	7577
403	91	13547
403	91	2540
403	91	9896
403	91	240
403	91	14291
7663	148	8990
3859	98	3858
14560	405	11923
13293	114	12196
1677	98	6134
859	402	2566
101	91	5997
101	91	7585
101	91	11633
101	91	8278
101	91	10088
101	91	8827
101	91	14561
101	91	8122
101	91	5443
101	91	1748
101	91	10185
101	91	11407
101	91	12227
101	91	8789
389	40	7049
10156	714	3296
4824	286	4304
131	148	1617
5887	129	430
5071	512	5254
7419	376	10923
7254	82	13847
1054	208	11504
4771	155	1604
4224	40	4277
9607	402	4967
4300	98	4299
10361	438	7940
375	113	11521
8112	377	2269
4584	377	521
5912	129	1323
545	143	635
5506	253	2346
1033	129	3542
443	894	11760
4574	622	2908
1359	98	5652
264	627	9559
9669	391	5056
5688	137	5687
9893	179	2978
2241	199	13329
2241	199	1742
9987	98	767
7229	40	9648
2790	525	4664
11939	324	4921
676	162	13392
4155	716	1832
4263	129	6429
13836	185	9141
7678	129	10781
1464	137	11329
5497	40	6574
7360	732	6082
6260	268	5056
635	102	5865
635	102	13806
3934	203	6575
1820	944	9460
7771	155	8432
1818	494	2853
1818	286	1165
1818	286	2520
1818	301	5670
1818	301	8812
2731	18	100
2731	18	9553
8936	167	5643
4871	463	3290
1038	631	2283
13690	40	6445
8341	1	5878
11368	289	7887
2805	251	9184
13571	114	12040
472	581	9762
486	248	1078
6345	286	5353
176	297	12977
8812	203	4947
7251	155	2761
9889	581	10187
7806	129	9984
3905	179	3866
11566	407	5984
1498	252	6049
1498	252	3070
5273	155	4095
5285	155	1259
2379	199	12461
2379	199	14465
2379	199	11432
58	102	1277
58	170	1848
58	170	12158
58	894	3796
8155	221	367
6765	155	840
174	500	7632
7292	40	291
1221	771	11940
4512	143	9929
2469	114	10110
4503	137	10148
999	289	9252
706	114	8076
9745	82	11402
6202	40	2098
9085	1	9171
3191	252	442
11704	541	2234
1836	438	535
3400	137	8703
4154	114	8578
7010	253	8768
7318	315	7869
5720	155	2527
7530	82	11516
2998	340	5507
2375	203	1076
2095	309	8170
36	18	5529
36	18	4560
36	18	4957
36	18	368
36	18	12249
36	18	3396
36	18	4786
36	18	10848
36	18	2869
36	18	6067
5305	129	11390
10899	373	3414
2028	114	13862
3571	520	2969
6818	179	6086
11641	129	9975
8246	541	2234
1474	129	10645
14448	315	9146
4218	900	4217
403	91	1258
403	91	5631
403	91	906
403	91	7896
403	91	930
403	91	11496
403	91	4088
403	91	12850
13944	148	5955
1847	40	1803
11718	106	7348
223	607	14756
5128	40	4575
1677	203	1126
4645	98	2215
5472	33	3364
1929	297	11751
991	40	4879
10929	40	10055
715	297	2695
12926	808	14571
301	96	7088
101	91	12689
101	91	3797
101	91	6009
101	91	8647
101	91	6032
101	91	4346
101	91	9394
101	91	1018
101	91	7765
101	91	12509
101	91	7070
2706	88	1947
4506	268	1093
131	167	485
6273	98	2921
3423	129	11306
4652	129	1334
10528	266	6608
3123	458	11087
6877	88	10780
7324	88	8527
13939	114	9311
375	113	4036
375	113	1155
375	113	7229
375	113	11677
800	527	14872
569	185	10484
569	185	9891
569	578	8938
7822	612	10520
3381	102	12836
6997	114	3018
5536	520	6601
5615	203	1844
9545	129	7809
8045	106	9360
2241	199	8465
2241	199	2547
3021	1	6638
4263	129	5810
2358	629	696
9951	489	4271
6863	155	526
7387	203	6557
2082	595	9052
6743	518	3782
951	238	2027
1818	96	2678
1818	286	1980
1818	286	8480
1818	301	2723
1818	301	4916
2731	18	7804
380	88	12146
380	88	4998
11108	954	5156
11931	155	4208
49	297	353
9563	623	1316
11125	114	4528
2425	203	34
8076	167	10589
13055	82	13231
7251	155	2256
13768	88	13795
8545	114	11711
4312	1	8929
2076	129	8613
971	167	2058
1574	114	2940
4481	221	3568
1230	208	8223
9029	297	13821
642	167	7501
1509	40	8884
2876	699	9006
514	155	7222
9222	203	6316
8558	167	6001
278	527	11742
278	299	2766
1053	487	5068
646	221	5774
58	170	1150
3890	199	6972
3890	199	13401
9020	40	6898
4545	114	4158
489	40	4480
7379	88	11648
6639	40	11005
4946	40	8578
4946	40	11440
4946	374	5248
355	592	3878
75	114	1147
2478	167	481
3244	129	9736
8766	148	2189
3191	252	1209
5571	40	4468
1288	106	4721
3400	137	2169
3400	137	13383
833	263	8884
833	263	3635
833	318	476
2493	277	4940
2017	40	5300
6915	660	11181
586	266	4908
12816	106	8224
385	129	8384
385	129	4481
5007	623	3182
1432	114	4514
2432	297	2433
2555	340	6175
504	170	14807
1111	203	450
4467	155	10254
11801	253	8308
239	114	1971
1708	155	3217
5399	933	931
5399	957	13058
5592	161	9960
36	350	5527
36	350	1774
36	350	2927
36	18	2881
36	18	2478
36	18	9495
36	18	4575
36	18	11384
36	18	5526
36	18	12896
36	18	8034
36	18	6873
36	18	6248
36	18	13818
36	18	6320
36	18	4281
2028	114	7660
2028	114	631
6975	954	3111
12122	311	11086
9230	40	10983
6530	167	4807
7471	129	1707
1389	251	6903
1474	129	457
1474	129	9012
2934	315	5413
7594	1	2446
6261	518	641
403	91	6202
403	91	7245
403	91	8120
403	91	6645
403	91	10065
403	91	7529
403	91	3145
403	91	11548
403	91	9037
4954	40	9417
13308	622	3755
12524	315	4255
4645	268	450
6594	82	8051
991	40	6693
715	297	11803
715	297	190
715	297	7505
3581	98	2890
6957	88	11273
301	407	8914
10479	324	6903
8895	148	5593
101	91	1676
101	91	8055
101	91	7131
101	91	4350
101	91	6607
101	91	4599
101	91	2848
101	91	14310
101	91	1465
101	91	6953
101	91	9900
101	91	11197
101	91	3044
101	91	14727
101	91	6539
101	91	4859
4824	286	2089
4824	286	3542
4547	735	366
2889	203	6941
5341	148	6899
5341	148	7815
5135	289	12038
6534	484	658
3120	623	9804
1612	88	11473
375	113	2877
1278	342	1129
1278	342	9827
2797	203	6394
163	289	7358
569	185	6525
225	560	6576
264	88	6107
1112	155	91
8704	1	8705
8704	1	2288
3789	221	873
1725	114	342
7611	234	2757
2667	664	11500
2241	199	7225
2241	199	8103
2241	199	14532
5113	518	4606
8053	114	11136
4875	98	4199
1260	520	9943
332	113	6186
4263	129	1535
1464	137	3337
5199	155	1513
9967	40	13303
5286	622	4998
635	102	11269
2082	595	10821
1818	286	1433
10109	391	11115
2731	18	2517
8778	268	8862
7065	696	7308
14792	556	11070
3510	277	10107
13374	114	1437
10206	148	1276
1034	102	13147
5924	155	7034
2805	361	2802
6458	40	12146
6102	1	6045
11839	1075	1611
8076	148	6315
8594	40	5783
6694	148	5191
4879	155	5728
7700	324	10026
2448	129	10189
13768	88	11136
2553	277	5682
5977	40	9120
4227	199	14037
2689	649	538
1875	203	3505
3939	114	6895
4873	40	11144
89	40	5155
608	203	5706
1498	252	5782
5585	203	40
2482	886	6287
646	98	3056
2196	252	1571
657	114	1664
657	114	2496
657	106	6592
58	792	2926
58	527	13995
58	297	981
58	170	10733
4545	114	7881
4990	465	3097
4690	277	9960
1732	170	14068
7289	106	3086
10333	203	4302
10715	357	10821
8089	365	8090
1902	373	6255
5442	1	3019
6769	148	4196
4964	40	8032
4702	692	2641
6022	289	5721
4946	40	8539
4503	137	7046
5702	167	945
6204	114	10560
3356	155	10397
2044	297	6705
11298	794	12344
13340	114	5410
5571	40	1692
5064	505	8810
1836	438	10519
1836	438	2426
1836	438	931
4950	301	7268
149	520	904
1113	888	4387
1207	376	7487
13974	167	10600
10588	559	4579
8911	203	3305
4197	421	269
4197	421	13458
13089	488	2018
36	350	14073
36	350	13260
36	18	9950
36	18	9081
36	18	2520
36	18	12491
36	18	10544
36	18	8397
36	18	10644
36	18	5956
36	18	8890
36	18	12515
36	18	1690
36	18	13526
36	18	4546
36	18	12854
36	18	27
36	18	14595
36	18	2981
36	18	6696
5305	129	10814
2956	989	76
2773	361	4082
1992	148	6159
6818	179	664
8830	40	639
8830	40	95
6187	106	2662
1389	40	288
6548	40	13775
2503	167	3538
1474	129	3299
1474	129	8034
1474	129	8876
1474	129	1351
1474	129	3226
1037	98	5077
6412	161	2797
4585	129	3255
11142	562	4577
13990	40	9454
9093	790	9092
403	91	2597
403	91	6021
403	91	9074
403	91	7333
403	91	11587
403	91	8499
403	91	260
403	91	3778
403	91	8188
403	91	12373
403	91	943
403	91	14454
403	91	4885
403	91	436
403	91	13517
6037	1	4575
7650	114	8360
8874	155	3433
9483	732	211
2249	167	6839
12512	113	489
1677	203	6134
1919	98	2854
8867	314	10837
10227	917	58
8262	40	1647
3384	1	1285
301	286	449
101	91	1153
101	91	9352
101	91	12616
101	91	2207
101	91	8468
101	91	9804
101	91	9647
101	91	11744
101	91	3033
101	91	1506
101	91	8656
10276	40	7396
4407	129	8701
12067	40	12439
4547	735	10594
7478	601	2519
4652	129	14280
5071	512	9935
11914	114	7581
7254	82	6164
6749	114	1992
15	203	1832
3120	623	263
12209	851	797
4166	199	12446
7529	315	7660
11706	808	14571
375	113	2464
375	113	8648
375	113	404
375	113	561
1278	342	3270
1278	342	5603
1278	342	6878
1278	342	1275
6279	137	4597
569	185	11333
6502	98	6370
2766	792	13
443	894	5864
6847	221	1844
1359	203	966
2241	199	10617
11667	556	3948
12476	277	3513
6603	88	3282
6356	203	12239
73	33	5087
731	155	935
5723	88	1611
397	114	12909
732	315	7323
6618	137	12212
1818	494	3923
1818	286	1296
1818	649	6931
2731	18	10888
2731	18	9411
80	329	12160
1534	256	7502
1534	256	1582
4929	155	7115
49	114	5540
5105	221	2218
4659	329	3543
5416	717	9783
10543	314	6871
2393	340	1721
4873	40	2222
1230	208	6667
89	40	11784
10379	481	269
514	155	3071
11300	82	8133
1228	98	5123
1955	203	3347
7602	129	6212
657	114	10915
657	114	704
58	170	13576
58	170	137
58	170	14338
58	299	1798
3890	199	14255
3890	199	5461
3890	199	7968
3890	199	10463
11551	203	2715
6633	114	3267
10358	253	973
3531	1	8030
4964	40	2928
5649	716	3783
2450	161	6395
3572	143	10742
3572	143	7512
76	796	2907
11673	221	7786
3244	129	7524
3191	252	5892
1930	1	9493
5571	40	418
11883	114	8887
833	318	11218
4154	114	2621
6915	660	4942
1411	1	13270
5787	277	11481
13814	98	5035
2705	88	8928
5749	299	13824
7320	1	11443
1111	167	3598
7805	208	94
8911	203	1428
4197	481	2022
36	350	5863
36	18	3380
36	18	13358
36	18	12398
36	18	10446
36	18	6084
36	18	5403
36	18	6734
36	18	4929
36	18	2434
36	18	4570
36	18	6131
36	18	10202
36	18	5148
36	18	4147
4135	329	5939
2028	114	2503
1992	148	1306
12078	114	9822
6186	277	3833
1474	129	3902
1474	717	7471
10405	203	1050
6559	808	14751
5418	155	7565
403	91	6879
403	91	11409
403	91	9479
403	91	5061
403	91	3775
403	91	7999
403	91	2302
403	91	9699
403	91	4636
403	91	9320
403	91	3364
403	91	14263
403	91	9123
403	91	13255
8626	221	313
2840	481	10379
715	297	1746
3656	315	235
9767	167	1884
101	91	2822
101	91	4240
101	91	6609
101	91	12703
101	91	3728
101	91	13769
101	91	2802
101	91	12855
101	91	7816
101	91	7338
101	91	11008
101	91	2022
101	91	1811
101	91	4437
4407	129	6063
10237	40	1247
8510	252	2139
3072	98	1408
9157	324	3761
3120	623	4476
9	665	8423
3256	33	6370
4931	329	9839
375	113	3612
1278	342	6208
11460	167	9937
4701	520	1298
7769	82	7770
4366	1	3181
7161	560	13433
4086	167	8739
1043	170	7301
4777	114	5657
332	113	3401
4155	716	2001
4263	129	3449
1531	155	3562
635	102	14593
8354	315	6585
344	489	8628
344	106	5451
12944	496	14154
9895	253	11492
3405	113	7576
2731	18	4311
2731	18	7347
1966	114	1965
13692	114	8117
8341	1	1437
9280	252	5144
11762	106	10583
4659	329	10955
11839	1075	4358
6571	1	8820
4047	373	4048
2076	129	4816
10615	221	4527
4723	481	7083
608	98	2468
1498	252	5941
8153	324	10419
2379	199	13481
12256	98	11446
14478	179	2716
657	114	7776
657	114	4636
58	170	1562
58	299	2561
58	541	472
9507	82	3758
5892	40	1111
4335	40	2244
12646	167	1950
3727	268	641
9621	88	550
12788	256	1136
6639	40	8282
7070	114	3550
355	592	1896
4503	137	9967
3244	129	5679
3244	129	6565
5571	40	10655
4036	40	5426
833	318	4814
833	318	3531
5246	98	8945
7087	1	517
385	129	275
13814	221	2365
11294	277	6442
8037	40	5062
5006	1	12285
4044	40	3033
12290	340	3945
2219	203	2218
1477	98	4437
36	350	10835
36	350	12985
36	350	13232
36	18	3619
36	18	12591
36	18	4082
36	18	8322
36	18	881
36	18	6246
36	18	2723
36	18	12435
2028	114	4265
1992	148	2500
2370	1	271
7432	520	316
913	114	12464
2148	481	1643
1474	129	2956
798	663	6085
3094	1	4708
4537	98	1097
7532	1	3760
4218	888	3482
403	91	9323
403	91	10600
403	91	2681
403	91	11108
403	91	14406
403	91	5953
403	91	1581
403	91	5327
403	91	11829
1300	541	1000
6409	167	1897
11718	88	6709
5472	33	6308
5281	143	3381
859	113	1534
1542	441	3476
11620	481	13825
6957	88	7110
8975	155	601
6115	40	6661
101	91	5879
101	91	8946
101	91	9761
101	91	11430
101	91	1979
101	91	15
101	91	5783
101	91	8007
101	91	10981
101	91	5100
101	91	9859
10276	40	8595
8512	40	7302
4824	286	3911
4547	735	5217
4547	735	2157
4547	735	7527
7478	601	5669
4652	129	11057
7419	376	2679
1054	208	8098
5504	248	7713
6534	484	2561
6826	155	3228
9	500	3177
3504	148	793
4166	199	11647
375	113	11362
1278	342	4632
2797	167	3071
545	143	5546
4574	622	10333
12739	114	4160
648	167	8843
2387	253	2798
2241	199	13978
1043	102	12263
332	113	331
4263	129	4300
1464	137	8122
1063	106	8358
342	268	2571
1277	297	10906
1181	560	7010
635	102	11068
1209	374	2874
753	374	8122
3050	167	10479
1818	494	67
1818	286	455
1818	301	1606
1818	301	8395
1818	301	2126
10109	391	2890
2731	18	4753
9280	252	9782
9280	252	6690
49	297	8913
12093	40	5040
3521	289	9346
7299	88	5063
5964	827	10723
11125	114	14034
8076	167	8004
5698	114	12317
10748	40	5711
7142	900	11526
2689	248	9591
5453	179	6657
10891	82	10162
2076	129	2855
2076	129	5185
2076	129	8190
971	221	8631
1230	208	6124
2931	314	5826
10969	256	10908
1509	40	11207
11381	129	10357
1498	252	7571
1498	252	8229
1514	520	3209
9523	796	8332
17	238	9445
278	102	1649
3231	40	4738
646	148	5774
1785	297	2432
58	792	1137
58	102	4496
5817	847	5818
5892	277	7150
5447	148	10290
2720	1306	12208
8656	114	11971
3558	1	2310
382	340	2831
3557	288	11216
3880	203	10862
7379	106	2678
4024	289	13066
5687	40	8322
4946	481	8250
8057	417	5438
2352	148	2737
2092	481	7941
2450	277	6395
789	487	10450
6202	40	6119
60	148	6397
3244	129	5515
3244	129	3267
4036	40	8392
5064	505	3628
1836	438	6326
3400	137	11755
833	263	4105
833	263	2475
833	318	8200
1411	1	12731
504	170	11692
5749	297	13824
14342	114	7725
1621	129	2894
3472	40	6748
10262	98	2237
12763	155	9057
36	350	6780
36	350	10975
36	18	9983
36	18	2826
36	18	4078
36	18	8613
36	18	7215
36	18	11109
36	18	13085
36	18	7375
36	18	11276
36	18	7373
36	18	11306
36	18	8102
36	18	10524
2940	167	4867
10899	373	10687
2028	114	9337
650	203	6797
2773	361	3463
3288	96	5636
11129	114	675
6187	625	7691
12115	405	7863
1474	129	6113
10709	129	1956
2107	102	13316
3960	1	7440
2018	114	1318
2775	481	6600
6778	314	472
10772	40	6847
403	91	7225
403	91	1504
403	91	3675
403	91	3384
403	91	4125
403	91	3972
403	91	6969
403	91	9751
13944	167	7475
13308	622	13345
2684	161	1905
101	91	7052
101	91	856
101	91	13514
101	91	6758
101	91	479
101	91	6404
101	91	2791
101	91	1691
101	91	11344
101	91	11475
101	91	13726
101	91	997
101	91	14549
101	91	4028
101	91	11755
101	91	12077
101	91	1862
2706	88	10689
4824	96	6375
8723	114	3825
5887	129	11401
10153	401	4328
103	289	7437
1054	208	1731
15	167	7340
12409	40	13904
2882	234	3565
8035	626	11215
8838	735	1496
1278	342	251
8256	98	2449
569	185	8006
4701	520	6070
14346	114	13715
5574	329	10563
4357	462	3921
8053	114	8479
332	113	7601
2003	1	2143
5606	481	1993
10118	441	11675
10173	155	5694
9550	520	38
1820	494	9363
6863	155	6803
1415	243	14214
1818	286	8783
1818	286	6542
1818	301	3550
2731	18	10633
2731	18	1147
8596	1037	75
7895	203	7590
979	199	5454
8918	98	3653
1534	256	6093
1534	256	3346
1534	256	6259
333	525	1485
1508	106	8016
6057	203	4782
8749	179	4757
9280	252	10156
2805	161	7128
583	114	5134
8893	976	6314
14456	405	2328
4017	660	7985
4017	660	4019
176	299	11647
8881	443	2881
8264	633	14198
7883	1	8036
11365	114	11359
13331	114	8459
2812	114	13362
11942	167	9317
882	88	6442
4483	329	4484
2640	129	8061
690	167	4018
10969	256	12408
5820	520	4453
3280	289	7374
17	500	9458
2379	199	658
8709	203	9348
657	764	5530
58	277	7643
58	170	6932
58	790	11023
3890	199	6204
2489	331	11960
500	148	499
2074	254	9510
6633	114	8036
3700	114	5953
8	357	8938
5892	277	10208
12374	167	2929
3531	1	2517
416	484	3788
191	635	4003
10642	106	5170
4946	40	1875
4503	137	13805
